0.356054932000000	0.600405455000000	0.614213914000000	0.588283956000000	0.443649352000000	0.235460982000000	0.449235926000000	0.181167729000000	0.601067662000000	0.234835705000000
0.437741429000000	0.673436463000000	0.488271341000000	0.311271813000000	0.327465564000000	0.351202657000000	0.411782612000000	0.594033688000000	0.598014355000000	0.324554443000000
0.435887098000000	0.394235492000000	0.515666306000000	0.476653904000000	0.162738815000000	0.211091032000000	0.379269143000000	0.227907337000000	0.490624815000000	0.257334203000000
0.402314693000000	0.666327834000000	0.513142705000000	0.188720283000000	0.472343087000000	0.296482605000000	0.531559010000000	0.594125152000000	0.579827309000000	0.247848601000000
0.291152686000000	0.665317535000000	0.502832994000000	0.297233840000000	0.389269382000000	0.564009259000000	0.374486645000000	0.157311779000000	0.580293119000000	0.303323530000000
0.349834442000000	0.572301865000000	0.460344292000000	0.510487087000000	0.180125445000000	0.389651219000000	0.293221983000000	0.294652045000000	0.545686245000000	0.341655776000000
0.467945099000000	0.401384443000000	0.269470394000000	0.284634911000000	0.278254449000000	0.455439851000000	0.495773296000000	0.411183767000000	0.631258547000000	0.260723340000000
0.576835930000000	0.749606311000000	0.543534160000000	0.362284787000000	0.318100333000000	0.483389273000000	0.506514539000000	0.806416005000000	0.491686016000000	0.216469054000000
0.230820209000000	0.666708171000000	0.430102617000000	0.203579685000000	0.476165324000000	0.420129495000000	0.355402038000000	0.578989208000000	0.653699577000000	0.371050004000000
0.358853012000000	0.678525329000000	0.570323616000000	0.526963972000000	0.402212828000000	0.484476457000000	0.441374948000000	0.703418702000000	0.565888286000000	0.383136426000000
0.482751459000000	0.382191092000000	0.290840283000000	0.358369294000000	0.347887009000000	0.401321510000000	0.438417832000000	0.189586064000000	0.510165215000000	0.316458245000000
0.387401015000000	0.460795611000000	0.641674757000000	0.510576427000000	0.368961036000000	0.423982273000000	0.600851069000000	0.295157425000000	0.586015940000000	0.277508255000000
0.251271605000000	0.673920929000000	0.498583853000000	0.616330028000000	0.425685465000000	0.176881951000000	0.474485546000000	0.513060823000000	0.363945991000000	0.260238616000000
0.131211340000000	0.736181259000000	0.335562006000000	0.547806121000000	0.172011703000000	0.310570012000000	0.105401903000000	0.177681728000000	0.535754383000000	0.341068397000000
0.397939265000000	0.563223362000000	0.562101126000000	0.450500086000000	0.357219517000000	0.284167041000000	0.289878912000000	0.422438592000000	0.529531956000000	0.300690313000000
0.335165769000000	0.615995407000000	0.480268553000000	0.554259628000000	0.227778882000000	0.451002528000000	0.557938695000000	0.284977712000000	0.570258021000000	0.322039763000000
0.366234213000000	0.404124081000000	0.454298183000000	0.392899172000000	0.512468696000000	0.319202830000000	0.638702850000000	0.0444676420000000	0.564885378000000	0.293671963000000
0.248534337000000	0.150805742000000	0.243934259000000	0.446637491000000	0.0800530390000000	0.0129961190000000	0.531305581000000	0.146350505000000	0.711521447000000	0.275325919000000
0.363029271000000	0.611194968000000	0.563347086000000	0.323214389000000	0.239922673000000	0.368230499000000	0.453277608000000	0.575640142000000	0.477045983000000	0.275589893000000
0.353678733000000	0.451091081000000	0.431675255000000	0.513057955000000	0.407092065000000	0.247519250000000	0.431504041000000	0.256559948000000	0.644228876000000	0.342039458000000
0.361632168000000	0.373034596000000	0.468217611000000	0.458969221000000	0.381062835000000	0.374664227000000	0.393710698000000	0.619205832000000	0.679206431000000	0.261087159000000
0.395268381000000	0.791577935000000	0.206447616000000	0.428130005000000	0.0579059270000000	0.138339676000000	0.235105892000000	0.0582614800000000	0.626051545000000	0.354705781000000
0.423007697000000	0.614447057000000	0.534791738000000	0.629028440000000	0.313571036000000	0.304136435000000	0.512896488000000	0.236667156000000	0.548043728000000	0.294041144000000
0.345575362000000	0.796608508000000	0.564734831000000	0.341423589000000	0.122530527000000	0.164253620000000	0.154378230000000	0.672837287000000	0.437192082000000	0.321940479000000
0.481498748000000	0.529732168000000	0.413219288000000	0.335402984000000	0.250284076000000	0.125653406000000	0.341415336000000	0.298337236000000	0.558131337000000	0.229739125000000
0.373935372000000	0.611226618000000	0.533601671000000	0.453722712000000	0.306392282000000	0.593209366000000	0.605141759000000	0.597783834000000	0.482854515000000	0.267772806000000
0.528002381000000	0.811327517000000	0.600708455000000	0.472447544000000	0.175981134000000	0.188962416000000	0.208320670000000	0.590747207000000	0.491570055000000	0.371273975000000
0.403451771000000	0.641592979000000	0.546284571000000	0.494229052000000	0.479833752000000	0.495750765000000	0.484179288000000	0.306100644000000	0.484791636000000	0.354743366000000
0.546923518000000	0	0.267416947000000	0.378216058000000	0	0.0952058810000000	0.245732228000000	0.232422054000000	0	0.0541153550000000
0.202183738000000	0.591254890000000	0.459517986000000	0.551660754000000	0.332860231000000	0.485965093000000	0.321323435000000	0.0613459930000000	0.523358285000000	0.363453949000000
0.300699443000000	0.596887827000000	0.541110501000000	0.280571930000000	0.442925423000000	0.571427673000000	0.560222904000000	0.573099673000000	0.574765086000000	0.308538633000000
0.386696726000000	0.671991169000000	0.633356512000000	0.460709289000000	0.457558274000000	0.240446593000000	0.377151196000000	0.0589314420000000	0.565707982000000	0.343482559000000
0.494502962000000	0.795843899000000	0.516820371000000	0.536531165000000	0.391218007000000	0.478852421000000	0.424571892000000	0.575661749000000	0.525210381000000	0.316782008000000
0.472379267000000	0.559632540000000	0.506425098000000	0.408618968000000	0.400695592000000	0.506491492000000	0.579633792000000	0.259187922000000	0.322511643000000	0.249431508000000
0.188419446000000	0.662734151000000	0.607791066000000	0.266615678000000	0.377437890000000	0.421029632000000	0.145721499000000	0.814645052000000	0.447177470000000	0.301348706000000
0.319526583000000	0.556020617000000	0.518486917000000	0.331779465000000	0.448028088000000	0.388832962000000	0.528399507000000	0.0715990030000000	0.552583873000000	0.356657604000000
0	0.294092745000000	0.328084029000000	0.270238221000000	0.397429377000000	0.263732150000000	0.451080461000000	0.533810422000000	0.661210120000000	0.345119228000000
0.418233424000000	0.727583468000000	0.532210350000000	0.460647605000000	0.458800703000000	0.527337343000000	0.476644407000000	0.101978619000000	0.654409111000000	0.297820536000000
0.340396136000000	0.605947018000000	0.491754115000000	0.635653242000000	0.431812704000000	0.370360961000000	0.494981150000000	0.375628576000000	0.564295948000000	0.351242393000000
0.415032297000000	0.548115551000000	0.541554898000000	0.322538074000000	0.274422497000000	0.326204807000000	0.270898983000000	0.479471982000000	0.561218977000000	0.391401405000000
0.187345386000000	0.658240914000000	0.484800875000000	0.391719300000000	0.249222249000000	0.518542339000000	0.412881831000000	0.661564797000000	0.537250936000000	0.337912099000000
0.429360747000000	0.676095843000000	0.502516568000000	0.163237490000000	0.405575454000000	0.505532493000000	0.418960005000000	0.380464852000000	0.547279239000000	0.309277654000000
0.377356380000000	0.604685962000000	0.427049756000000	0.521026611000000	0.338184178000000	0.393422693000000	0.469551980000000	0.582020879000000	0.571521759000000	0.361858947000000
0.254660398000000	0.714960933000000	0.521658733000000	0.333484128000000	0.395468175000000	0.488852710000000	0.424347013000000	0.324364386000000	0.511262655000000	0.292823598000000
0.310588807000000	0.601974070000000	0.506924465000000	0.549141154000000	0.416515321000000	0.437161803000000	0.559828321000000	0.592315704000000	0.653856993000000	0.255194265000000
0.440665454000000	0.554984450000000	0.434793964000000	0.507996164000000	0.478095204000000	0.359409337000000	0.442222824000000	0.389021099000000	0.476073742000000	0.354601202000000
0.347450674000000	0.746423781000000	0.492443621000000	0.311529860000000	0.265614867000000	0.659705043000000	0.308949550000000	0.222035833000000	0.522188425000000	0.369952992000000
0.308600277000000	0.495422125000000	0.437956437000000	0.411154069000000	0.378526449000000	0.580956519000000	0.677968462000000	0.275758475000000	0.666623592000000	0.331775501000000
0.476101220000000	0.448220193000000	0.410770014000000	0.242755285000000	0.254204243000000	0.190808918000000	0.376084069000000	0.169724204000000	0.545520365000000	0.272249918000000
0.309633642000000	0.778119266000000	0.477696449000000	0.744178519000000	0.325124323000000	0.439492593000000	0.326705590000000	0.700228512000000	0.623515189000000	0.395674338000000
0.445135325000000	0.627451837000000	0.560477376000000	0.461133931000000	0.373370469000000	0.477515827000000	0.428944240000000	0.597947299000000	0.570731103000000	0.452313637000000
0.437224358000000	0.630247772000000	0.500702843000000	0.380213581000000	0.384155959000000	0.427979857000000	0.550785363000000	0.0927029480000000	0.620645881000000	0.381751955000000
0.391959399000000	0.651937604000000	0.509754837000000	0.130663348000000	0.475579679000000	0.580754270000000	0.479842544000000	0.755332261000000	0.565244913000000	0.357474784000000
0.540827990000000	0.695850968000000	0.510517612000000	0.526571169000000	0.364090264000000	0.200259189000000	0.480327298000000	0.241882004000000	0.574604511000000	0.295192291000000
0.599206567000000	0.613389313000000	0.340641685000000	0.498711653000000	0.451893151000000	0.613216817000000	0.589639475000000	0.114940161000000	0.599955082000000	0.240591861000000
0.322103381000000	0.542741239000000	0.576583833000000	0.658873357000000	0.376325428000000	0.356824299000000	0.310321507000000	0.100516167000000	0.420435578000000	0.310819114000000
0.651431739000000	0.627006769000000	0.536112756000000	0.410929527000000	0.533542931000000	0.474825551000000	0.534256856000000	0.127867021000000	0.557011604000000	0.309145028000000
0.271961153000000	0.307157636000000	0.648371965000000	0.182852163000000	0.631101370000000	0.219259361000000	0.302536437000000	0.453222811000000	0.594710827000000	0.278973311000000
0.370478511000000	0.652562141000000	0.460511878000000	0.467902191000000	0.379960001000000	0.297201157000000	0.484211087000000	0.134062860000000	0.642257750000000	0.319766442000000
0.304183751000000	0.630213022000000	0.434136525000000	0.224469674000000	0.412549883000000	0.504663030000000	0.424893578000000	0.824973702000000	0.609054923000000	0.267825076000000
0.362297446000000	0.707668960000000	0.479234919000000	0.472709447000000	0.404548615000000	0.616018852000000	0.636700908000000	0.518557742000000	0.635962307000000	0.344905694000000
0.418920040000000	0.546041965000000	0.579814389000000	0.554711699000000	0.327687234000000	0.692299962000000	0.426885962000000	0.802243203000000	0.548762619000000	0.288879591000000
0.484207243000000	0.538744807000000	0.567461431000000	0.318480480000000	0.225984067000000	0.520324677000000	0.442868431000000	0.162585802000000	0.628862083000000	0.459612767000000
0.432225823000000	0.505860090000000	0.471134409000000	0.379101354000000	0.321695477000000	0.384895672000000	0.590414623000000	0.239619873000000	0.511636376000000	0.371050790000000
0.404577911000000	0.730285168000000	0.494921401000000	0.301971547000000	0.314767301000000	0.585750818000000	0.420273731000000	0.765813529000000	0.468230337000000	0.235557228000000
0.395618111000000	0.421742290000000	0.433959007000000	0.487518035000000	0.417244077000000	0.450142672000000	0.403987219000000	0.804871947000000	0.401544154000000	0.226702395000000
0.721194386000000	0.723473907000000	0.536371797000000	0.380758949000000	0.321358830000000	0.431768179000000	0.555304845000000	0.203883808000000	0.514434874000000	0.273954466000000
0.259942830000000	0.805656314000000	0.546225578000000	0.274212386000000	0.375175774000000	0.351159523000000	0.475274454000000	0.580050379000000	0.541037321000000	0.374849195000000
0.286342353000000	0.578381121000000	0.468693674000000	0.419113025000000	0.315745324000000	0.416987315000000	0.483765791000000	0.0189503030000000	0.506695271000000	0.335809524000000
0.476862311000000	0.670817673000000	0.500657201000000	0.507940717000000	0.394983143000000	0.429528574000000	0.498334765000000	0.584813774000000	0.586946428000000	0.296518768000000
0.366669744000000	0.746996701000000	0.429109067000000	0.311753218000000	0.370371819000000	0.0682407390000000	0.0847395580000000	0.264953446000000	0.425537437000000	0.329447338000000
0.511968970000000	0.543468356000000	0.425394632000000	0.578121826000000	0.288214535000000	0.649813811000000	0.479117880000000	0.731582791000000	0.525319755000000	0.190537111000000
0.0522851270000000	0.379905283000000	0.328822382000000	0.550982803000000	0.201644987000000	0.323118091000000	0.317626322000000	0.577562153000000	0.557882071000000	0.318490654000000
0.401674867000000	0.603737414000000	0.335398376000000	0.321260877000000	0.423394442000000	0.498180697000000	0.488324940000000	0.439256221000000	0.580238283000000	0.225982322000000
0.497368127000000	0.644266248000000	0.578651547000000	0.315163855000000	0.416758060000000	0.283559188000000	0.250890573000000	0.206577316000000	0.457265675000000	0.400172979000000
0.136344343000000	0.594564497000000	0.318803940000000	0.213308200000000	0.101333067000000	0.197467347000000	0.499497861000000	0.146591365000000	0.640453517000000	0.159116231000000
0.429360747000000	0.800860584000000	0.356475685000000	0.624075852000000	0.312985718000000	0.602003634000000	0.422910889000000	0.0839013480000000	0.711521447000000	0.327322024000000
0.273261815000000	0.739667833000000	0.492001012000000	0.513492234000000	0.404153347000000	0.567423701000000	0.221423013000000	0.660520554000000	0.492693007000000	0.397535036000000
0.538146198000000	0.565862477000000	0.299887056000000	0.242098529000000	0.372927189000000	0.513734142000000	0.431794167000000	0.685886443000000	0.476284444000000	0.246837152000000
0	0.487998515000000	0.456800185000000	0.610502899000000	0.180679202000000	0.473778740000000	0.376972506000000	0.0511291140000000	0.634500086000000	0.369009251000000
0.282978237000000	0.388652682000000	0.231781160000000	0.189073551000000	0.514081717000000	0.140337327000000	0.182952570000000	0.0723657380000000	0.114920489000000	0.307511518000000
0.322097450000000	0.719184756000000	0.498641282000000	0.382771932000000	0.326269537000000	0.618702054000000	0.229640042000000	0.769481808000000	0.377696127000000	0.341903773000000
0.102019936000000	0.538054228000000	0.494637787000000	0.516817548000000	0.471945524000000	0.418657452000000	0.445571532000000	0.167006798000000	0.447160810000000	0.282955985000000
0.412984878000000	0.643818080000000	0.512654096000000	0.401711408000000	0.414760619000000	0.455885385000000	0.434283833000000	0.755486935000000	0.555206120000000	0.344281942000000
0.294264942000000	0.335910708000000	0.434467360000000	0.535481200000000	0.0686972890000000	0.369727900000000	0.421547510000000	0.700985938000000	0.559005857000000	0.359872937000000
0.206622630000000	0.126960009000000	0.218071688000000	0.542340450000000	0	0.426667760000000	0.0553950020000000	0.135041166000000	0.447761416000000	0.248497104000000
0.357065141000000	0.0779651180000000	0.537877142000000	0.413360186000000	0.239005312000000	0.316441141000000	0.450456232000000	0.365219966000000	0.224005938000000	0.208091202000000
0.288950115000000	0.521583855000000	0.524049222000000	0.438979514000000	0.268999130000000	0.204696222000000	0.446831306000000	0.0563050900000000	0.642405808000000	0.365122154000000
0.0817529260000000	0.402300119000000	0.543390512000000	0.638602436000000	0.243587494000000	0.283547665000000	0.216792103000000	0.417885542000000	0.521929145000000	0.245370091000000
0.0796109070000000	0.557583272000000	0.449666530000000	0.597951129000000	0.389704615000000	0.199247353000000	0.262416835000000	0.252008118000000	0.588221669000000	0.331650374000000
0.266705424000000	0.526481748000000	0.480568871000000	0.397582449000000	0.191923678000000	0.319242954000000	0.500675986000000	0.226978578000000	0.632415056000000	0.228696143000000
0.521864355000000	0.678661346000000	0.467860878000000	0.374436446000000	0.346671879000000	0.360126302000000	0.407827020000000	0.443017602000000	0.572739303000000	0.283495096000000
0.437345475000000	0.595209002000000	0.572490275000000	0.458928254000000	0.441613346000000	0.271155319000000	0.422662397000000	0.236511491000000	0.579772532000000	0.228239599000000
0.272525698000000	0.209646940000000	0.311241697000000	0.316312959000000	0.209646940000000	0.229550123000000	0.239866179000000	0.579180360000000	0.406737983000000	0.422049498000000
0.451420069000000	0.636787474000000	0.369173557000000	0.376724097000000	0.306380868000000	0.260813018000000	0.375564451000000	0.137666333000000	0.465602040000000	0.347793276000000
0.202418119000000	0.616027772000000	0.419451907000000	0.369519283000000	0.363854229000000	0.574528148000000	0.618808081000000	0.396051377000000	0.701543450000000	0.248826499000000
0.540039003000000	0.677261233000000	0.500275478000000	0.417571507000000	0.335568577000000	0.169762497000000	0.477125814000000	0.108868689000000	0.474375457000000	0.343161403000000
0.315372467000000	0.332769215000000	0.550729886000000	0.345944725000000	0.273793936000000	0.338263004000000	0.445090503000000	0.0683799550000000	0.474812806000000	0.340300515000000
0.578517139000000	0.134405136000000	0.462021418000000	0.302475382000000	0.117934883000000	0.253183226000000	0.208007241000000	0.273473494000000	0.543703377000000	0.324976340000000
0.158102348000000	0.786174953000000	0.560087308000000	0.357176197000000	0.337429017000000	0.145100890000000	0.352297157000000	0.0754738260000000	0.455173820000000	0.350679209000000
0.296342134000000	0.533904493000000	0.573878199000000	0.489274874000000	0.361436725000000	0.321715765000000	0.482767920000000	0.305371270000000	0.561016917000000	0.294466238000000
0.342092484000000	0.494952381000000	0.527548015000000	0.320085011000000	0.479500026000000	0.450540960000000	0.581122170000000	0.152768739000000	0.403933972000000	0.341062441000000
0.364694089000000	0.713937759000000	0.399685815000000	0.379578975000000	0.405002981000000	0.613614500000000	0.385723134000000	0.327221856000000	0.547589540000000	0.227050701000000
0.254947633000000	0.519008517000000	0.556220040000000	0.436086714000000	0.391973525000000	0.289641922000000	0.441564530000000	0.148798924000000	0.470773935000000	0.313924802000000
0.464789778000000	0.525779545000000	0.537311167000000	0.386939779000000	0.391648531000000	0.339983913000000	0.620794455000000	0.191444805000000	0.632731676000000	0.307755137000000
0.481788069000000	0.543632805000000	0.544610083000000	0.444704980000000	0.298580110000000	0.305471659000000	0.509244690000000	0.512066126000000	0.457437754000000	0.216977880000000
0.481135160000000	0.0386599000000000	0.523478955000000	0.591006801000000	0.210856453000000	0.247621807000000	0.158343102000000	0.145397305000000	0.582747757000000	0.331664364000000
0.241026551000000	0.584054887000000	0.565887854000000	0.342803691000000	0.422513306000000	0.288984049000000	0.491039137000000	0.360776879000000	0.570573330000000	0.280367685000000
0.333291143000000	0.501301289000000	0.495296657000000	0.675588027000000	0.318915606000000	0.359044573000000	0.507644912000000	0.369161025000000	0.550255001000000	0.300259307000000
0.209972650000000	0.653385103000000	0.531463400000000	0.312112667000000	0.251919061000000	0.412811750000000	0.550969869000000	0.234161623000000	0.499367505000000	0.231719249000000
0.333679974000000	0.661620736000000	0.523397937000000	0.571760297000000	0.481116533000000	0.575990836000000	0.477739712000000	0.709730715000000	0.324802816000000	0.256653734000000
0.443830609000000	0.530735373000000	0.514781699000000	0.666278474000000	0.433979362000000	0.512741625000000	0.496631245000000	0.710108787000000	0.550351560000000	0.265306266000000
0.460465133000000	0.724505484000000	0.336849585000000	0.209354540000000	0.481844097000000	0.333009628000000	0.405174454000000	0.776054770000000	0.394740880000000	0.259700327000000
0.211292744000000	0.645730257000000	0.620279491000000	0.303408962000000	0.157815024000000	0.486543000000000	0.426849042000000	0.184188139000000	0.407209963000000	0.178536746000000
0.466381043000000	0.774296224000000	0.542699784000000	0.506379642000000	0.509896755000000	0.523467223000000	0.659576078000000	0.662364304000000	0.535469770000000	0.309149050000000
0.349290580000000	0.639320791000000	0.503875539000000	0.393301636000000	0.390098184000000	0.438465243000000	0.387454351000000	0.303950831000000	0.522816002000000	0.311705371000000
0.539900005000000	0.517666399000000	0.541505292000000	0.305540148000000	0.353098035000000	0.184460871000000	0.558032046000000	0.313202485000000	0.480855793000000	0.352573266000000
0.376176447000000	0.650115252000000	0.531856105000000	0.359341815000000	0.401224792000000	0.568162978000000	0.518433263000000	0.592975289000000	0.518304646000000	0.325944960000000
0.330675930000000	0.641851246000000	0.537074104000000	0.435402211000000	0.353863925000000	0.223210320000000	0.471487194000000	0.347538628000000	0.557185471000000	0.329858879000000
0.444176912000000	0.582055509000000	0.447867125000000	0.221268790000000	0.328256875000000	0.394774735000000	0.557045062000000	0.0422900950000000	0.585481942000000	0.247352437000000
0.330277801000000	0.590134025000000	0.288884519000000	0.291435078000000	0.438259304000000	0.497829427000000	0.596755703000000	0.369589284000000	0.560437024000000	0.235732481000000
0.489721090000000	0.622476220000000	0.448520467000000	0.344713833000000	0.236708447000000	0.323820487000000	0.618198305000000	0.550506830000000	0.604808688000000	0.320735194000000
0.234193698000000	0.661744118000000	0.518231392000000	0.578207411000000	0.363906652000000	0.541848193000000	0.621011515000000	0.0634897870000000	0.668451428000000	0.309012622000000
0.328148872000000	0.668152571000000	0.438969493000000	0.461154811000000	0.321801841000000	0.264283052000000	0.339432100000000	0.587460488000000	0.654369652000000	0.363654789000000
0.404490024000000	0.648425281000000	0.527802467000000	0.441533662000000	0.356350541000000	0.293448202000000	0.415643503000000	0.460725784000000	0.676319301000000	0.300394066000000
0.430133909000000	0.647471905000000	0.523668081000000	0.446162105000000	0.387980789000000	0.492026269000000	0.588454088000000	0.570584565000000	0.678253651000000	0.379829787000000
0.270171046000000	0.636967301000000	0.577633590000000	0.312787041000000	0.353302121000000	0.400292606000000	0.312511995000000	0.700025678000000	0.557160616000000	0.273892134000000
0.443632901000000	0.582969666000000	0.536601186000000	0.379525542000000	0.345087588000000	0.269823251000000	0.405001119000000	0.177113108000000	0.606719732000000	0.319060452000000
0.337932289000000	0.635890722000000	0.535167694000000	0.322610021000000	0.373894989000000	0.422819753000000	0.447386781000000	0.172271430000000	0.349657059000000	0.318552718000000
0.180057287000000	0.735982835000000	0.594959229000000	0.199920292000000	0.410323530000000	0.163907633000000	0.236584341000000	0.539844513000000	0.722269654000000	0.297529479000000
0.432432562000000	0.550061941000000	0.501948714000000	0.504833609000000	0.442104727000000	0.514501542000000	0.547332187000000	0.497334078000000	0.626767516000000	0.341113508000000
0.439541429000000	0.622877777000000	0.580845505000000	0.374387630000000	0.345994800000000	0.541961739000000	0.613150954000000	0.712095767000000	0.516923726000000	0.330259110000000
0.326837182000000	0.0882111040000000	0.440931693000000	0.321859460000000	0.205920309000000	0.267786129000000	0.464728147000000	0.254120186000000	0.695297837000000	0.287863379000000
0.405634224000000	0.527847707000000	0.442262799000000	0.227702858000000	0.356492013000000	0.458894928000000	0.523808340000000	0.161839003000000	0.666708171000000	0.296984170000000
0.324065447000000	0.624323308000000	0.609579235000000	0.282680567000000	0.444160402000000	0.602986336000000	0.565290054000000	0.319084570000000	0.612464249000000	0.227337748000000
0.384806812000000	0.693500936000000	0.446423724000000	0.393158577000000	0.388358504000000	0.287779758000000	0.485523055000000	0.807329744000000	0.617718756000000	0.314852109000000
0.322653741000000	0.676095843000000	0.440336630000000	0.518290117000000	0.252393693000000	0.408933034000000	0.473907570000000	0.528511345000000	0.619029105000000	0.267060240000000
0.336620182000000	0.643631637000000	0.566222042000000	0.405133545000000	0.0735697670000000	0.555794716000000	0.564036826000000	0.265587844000000	0.682607591000000	0.258690152000000
0.291622162000000	0.468837410000000	0.565912187000000	0.470381983000000	0.203943670000000	0.432713439000000	0.338441059000000	0.201557472000000	0.547708988000000	0.266172219000000
0.366168261000000	0.643184960000000	0.530825421000000	0.403788444000000	0.527009666000000	0.292969336000000	0.351405179000000	0.130068876000000	0.530780077000000	0.244457617000000
0.340841204000000	0.620778441000000	0.497074127000000	0.509189900000000	0.457816720000000	0.562256287000000	0.405476590000000	0.477463126000000	0.604808688000000	0.363271895000000
0.380404830000000	0.741583109000000	0.459623918000000	0.418121677000000	0.268825144000000	0.128760851000000	0.159057658000000	0.0919994810000000	0.588449121000000	0.373860170000000
0.477984577000000	0.661497474000000	0.533247843000000	0.298889829000000	0.449434161000000	0.428373496000000	0.425154542000000	0.0956076720000000	0.499228448000000	0.362038980000000
0.497170955000000	0.350004882000000	0.585610777000000	0.362994663000000	0.157563150000000	0.286215837000000	0.294240470000000	0.583839625000000	0.548235238000000	0.342318237000000
0.643743455000000	0.561345339000000	0.464182332000000	0.390306503000000	0.0684432610000000	0.402339160000000	0.604744713000000	0.416321591000000	0.544126928000000	0.211466681000000
0.508722603000000	0.620447218000000	0.530550733000000	0.356885193000000	0.0898037110000000	0.373153850000000	0.325572381000000	0.635473847000000	0.566766083000000	0.323848143000000
0.454678655000000	0.698134005000000	0.520442933000000	0.360495253000000	0.397960842000000	0.437771738000000	0.466589441000000	0.261279792000000	0.517836452000000	0.323885960000000
0.595355749000000	0.531608045000000	0.587719202000000	0.461556360000000	0.326430738000000	0.469649225000000	0.365848909000000	0.0375816110000000	0.568948925000000	0.282804097000000
0.436724275000000	0.192497626000000	0.362999476000000	0.163556315000000	0.322097629000000	0.383219649000000	0.365700637000000	0.161072232000000	0.394664556000000	0.329406137000000
0.424557418000000	0.150270730000000	0.497563511000000	0.313392092000000	0.416636676000000	0.330475478000000	0.405960540000000	0.321536332000000	0.488628924000000	0.304358892000000
0.158351660000000	0.637796819000000	0.488828674000000	0.669291951000000	0.351545274000000	0.375922735000000	0.488422294000000	0.496348500000000	0.596238315000000	0.390381296000000
0.293332428000000	0.612591565000000	0.424596429000000	0.637822546000000	0.417441696000000	0.545129150000000	0.459704498000000	0.0557388550000000	0.547948062000000	0.331661247000000
0.459545106000000	0.676587880000000	0.629994065000000	0.422320962000000	0.449316740000000	0.462968608000000	0.217637703000000	0.681234390000000	0.517050862000000	0.358627059000000
0.564398944000000	0.319701672000000	0.572275668000000	0.253341628000000	0.448847592000000	0.372579997000000	0.524126718000000	0.349298038000000	0.391676784000000	0.312855005000000
0.385195136000000	0.642665148000000	0.486698046000000	0.365893748000000	0.358219415000000	0.406950608000000	0.613631050000000	0.315136269000000	0.658160269000000	0.329825848000000
0.401878327000000	0.233744398000000	0.371151239000000	0.621544048000000	0.294470608000000	0.417879527000000	0.205773306000000	0.383974358000000	0.606101334000000	0.364257137000000
0.520121396000000	0.632731676000000	0.294133339000000	0.281613057000000	0.334300458000000	0.231230391000000	0.388322572000000	0.187730700000000	0.393021196000000	0.261916503000000
0.344275892000000	0.686411977000000	0.534659863000000	0.254615305000000	0.129560724000000	0.283509582000000	0.523112555000000	0.115193129000000	0.576538980000000	0.257500077000000
0.501321316000000	0.568557620000000	0.486777663000000	0.261904795000000	0.293121755000000	0.491697321000000	0.504607240000000	0.145966914000000	0.583052993000000	0.336085113000000
0.263289511000000	0.582609117000000	0.356217705000000	0.476085566000000	0.167748883000000	0.295294532000000	0.326900924000000	0.603880346000000	0.550641596000000	0.427422976000000
0.426473498000000	0.806257188000000	0.497127727000000	0.350548208000000	0.346320659000000	0.0701629140000000	0.266880830000000	0.0320620670000000	0.477689803000000	0.284442785000000
0.240426973000000	0.110434964000000	0.464124352000000	0.649894044000000	0	0.120367775000000	0.395448138000000	0.0490468320000000	0.682375610000000	0.387598316000000
0.413300216000000	0.694247186000000	0.493040517000000	0.543635875000000	0.423177809000000	0.545431753000000	0.522045513000000	0.672387034000000	0.528267741000000	0.398923871000000
0.440779716000000	0.681082308000000	0.486244172000000	0.381948382000000	0.337760389000000	0.461825103000000	0.380649388000000	0.0517238720000000	0.634500086000000	0.306271044000000
0.266820937000000	0.623582423000000	0.562945724000000	0.471746229000000	0.228350669000000	0.439989895000000	0.413509478000000	0.0774814520000000	0.537136376000000	0.317339617000000
0.704230011000000	0.201435894000000	0.276752323000000	0.311352096000000	0.0644284930000000	0.360406150000000	0.412142127000000	0.0756435880000000	0.0994629490000000	0.282774493000000
0.668879271000000	0.457678854000000	0.539748520000000	0.398714118000000	0.103454143000000	0.378437748000000	0.271553325000000	0.390901513000000	0.312881500000000	0.328180407000000
0.386989444000000	0.515465558000000	0.536912426000000	0.376384063000000	0.394015044000000	0.281725404000000	0.535277088000000	0.349385619000000	0.562943280000000	0.319658051000000
0.464595854000000	0.758630693000000	0.517086789000000	0.441722497000000	0.462873727000000	0.549916496000000	0.575718224000000	0.513707742000000	0.540224433000000	0.302771630000000
0.280769467000000	0.713881075000000	0.457264513000000	0.446719244000000	0.491048813000000	0.749214212000000	0.194733384000000	0.655717731000000	0.523792863000000	0.286725300000000
0.337674439000000	0.709308028000000	0.514205784000000	0.632858098000000	0.488552421000000	0.424518754000000	0.277995860000000	0.250216767000000	0.557608128000000	0.387466172000000
0.279879242000000	0.595973194000000	0.462292060000000	0.409776660000000	0.371828020000000	0.240399679000000	0.143392655000000	0.378616691000000	0.608648300000000	0.324488039000000
0.253114104000000	0.560991704000000	0.520025164000000	0.507901099000000	0.303429186000000	0.451075315000000	0.418815424000000	0.709947765000000	0.573749959000000	0.340339641000000
0.348306566000000	0.616773963000000	0.544063255000000	0.374327451000000	0.335849553000000	0.273863052000000	0.345742126000000	0.307618499000000	0.555872321000000	0.255785840000000
0.167529851000000	0.602155805000000	0.576712787000000	0.405650724000000	0.366881073000000	0.190933756000000	0.237736780000000	0.208315268000000	0.542436957000000	0.235379044000000
0.320833683000000	0.609054923000000	0.524371520000000	0.501408339000000	0.360590905000000	0.508189579000000	0.505319049000000	0.682352930000000	0.560034454000000	0.264297773000000
0.387638390000000	0.660310090000000	0.420725398000000	0.258967932000000	0.453707695000000	0.280562947000000	0.449060897000000	0.730422288000000	0.515592039000000	0.239640291000000
0.318504840000000	0.638158560000000	0.449237332000000	0.360072905000000	0.266464055000000	0.424921950000000	0.533813546000000	0.686297625000000	0.572739303000000	0.408774977000000
0.470414370000000	0.539761126000000	0.500921443000000	0.428288355000000	0.499049813000000	0.329636606000000	0.653202772000000	0.0707508740000000	0.569654942000000	0.341562085000000
0.255009174000000	0.658887506000000	0.512137920000000	0.293203705000000	0.328532964000000	0.341187979000000	0.330234557000000	0.573266119000000	0.626801670000000	0.285999420000000
0.649768293000000	0.535412908000000	0.338232607000000	0.372543655000000	0.0621474120000000	0.329765573000000	0.149296703000000	0.292059354000000	0.356665730000000	0.300090706000000
0.479462981000000	0.644341052000000	0.555634931000000	0.355142571000000	0.264234036000000	0.483983139000000	0.456885238000000	0.204997987000000	0.542109668000000	0.297371187000000
0.302936286000000	0.579635739000000	0.501785770000000	0.434484869000000	0.421588272000000	0.451639464000000	0.528915693000000	0.217238210000000	0.555107594000000	0.358456706000000
0.389395684000000	0.368496388000000	0.538864151000000	0.461815238000000	0.144129857000000	0.258073435000000	0.479555031000000	0.157628220000000	0.696760237000000	0.291186591000000
0.221076250000000	0.707886517000000	0.451677352000000	0.590362817000000	0.360175192000000	0.513742348000000	0.558505287000000	0.691237181000000	0.608773291000000	0.383740759000000
0.182668507000000	0.785579860000000	0.559736267000000	0.147061786000000	0.336999893000000	0.421948622000000	0.520844430000000	0.0791497440000000	0.714107811000000	0.357682717000000
0.323459864000000	0.506287575000000	0.358138531000000	0.285192405000000	0.442071944000000	0.529608448000000	0.631931345000000	0.415503353000000	0.623145938000000	0.332945908000000
0.386989444000000	0.536678672000000	0.369811989000000	0.351081166000000	0.377940953000000	0.385901332000000	0.569795112000000	0.154669024000000	0.558605671000000	0.312218559000000
0.496206760000000	0.360974550000000	0.435780182000000	0.667357028000000	0.209384799000000	0.210878056000000	0.348265837000000	0.594288230000000	0.611765206000000	0.248770364000000
0.218646958000000	0.700865984000000	0.441467896000000	0.613469161000000	0.465655088000000	0.649232805000000	0.554441641000000	0.291169345000000	0.450206816000000	0.350992034000000
0.210423455000000	0.394171476000000	0.425235331000000	0.398929375000000	0.436853260000000	0.193793515000000	0.472577294000000	0.531024009000000	0.480353624000000	0.346222252000000
0.420911551000000	0.394619852000000	0.374767795000000	0.424139671000000	0.245469898000000	0.163920636000000	0.253944926000000	0.342828497000000	0.423239708000000	0.241612022000000
0.185110629000000	0.768701613000000	0.524349853000000	0.466983199000000	0.342166930000000	0.394810418000000	0.462460260000000	0.199285632000000	0.613901496000000	0.415333192000000
0.302336454000000	0.476990879000000	0.483585447000000	0.616670698000000	0.319079995000000	0.281872990000000	0.240082170000000	0.656552851000000	0.641519248000000	0.299291862000000
0.384280503000000	0.592961490000000	0.554244116000000	0.377490651000000	0.380836517000000	0.429885228000000	0.572540998000000	0.609634191000000	0.575247526000000	0.338022883000000
0.255913109000000	0.464155614000000	0.587647036000000	0.580157116000000	0.0940730800000000	0.232186735000000	0.321549999000000	0.200558439000000	0.534198701000000	0.335210492000000
0.492208421000000	0.685086966000000	0.506667167000000	0.697281837000000	0.457093656000000	0.597894828000000	0.369898568000000	0.660981953000000	0.613773346000000	0.379873616000000
0.407948762000000	0.608148873000000	0.430639803000000	0.480452836000000	0.343908072000000	0.326817637000000	0.466194401000000	0.174809393000000	0.585594237000000	0.307044891000000
0.289576799000000	0.829176843000000	0.492423370000000	0.311179366000000	0.255964428000000	0.369871914000000	0.113618768000000	0.488617301000000	0.540781558000000	0.453554769000000
0.392596096000000	0.654172301000000	0.400894225000000	0.367850624000000	0.412295133000000	0.540003369000000	0.546733061000000	0.138228767000000	0.489778668000000	0.281765863000000
0.213721767000000	0.512093842000000	0.557672068000000	0.394380674000000	0.396898597000000	0.330754906000000	0.315477709000000	0.655855715000000	0.551999569000000	0.344928404000000
0.446877778000000	0.842324317000000	0.560373217000000	0.419498846000000	0.160751700000000	0.263517141000000	0.385883341000000	0.476878494000000	0.628517210000000	0.277891969000000
0.515486658000000	0.656115472000000	0.516722992000000	0.308527425000000	0.198375016000000	0.514620284000000	0.550314089000000	0.619006842000000	0.639503062000000	0.356113066000000
0.146690950000000	0.757925212000000	0.555196971000000	0.402459644000000	0.358904749000000	0.313843081000000	0.396251371000000	0.380763069000000	0.616124928000000	0.233635276000000
0.278098315000000	0.644341052000000	0.520127803000000	0.425591316000000	0.528201342000000	0.355798940000000	0.298017244000000	0.496753380000000	0.477119505000000	0.320026065000000
0.459996074000000	0.825700402000000	0.524007931000000	0.677595615000000	0.234673023000000	0.147973611000000	0.0714981900000000	0.619656086000000	0.385410249000000	0.459642271000000
0.450526536000000	0.675071478000000	0.547224596000000	0.518464699000000	0.394669652000000	0.320631439000000	0.596743524000000	0.515006304000000	0.524838924000000	0.299232557000000
0.331346333000000	0.542530537000000	0.474833190000000	0.646972477000000	0.379905283000000	0.323595849000000	0.641616861000000	0.673648298000000	0.453011155000000	0.263710750000000
0.469212979000000	0.706370294000000	0.588869840000000	0.558416441000000	0.436659783000000	0.462391744000000	0.305378666000000	0.609443009000000	0.549724400000000	0.263252600000000
0.424821585000000	0.523836374000000	0.505512372000000	0.313256107000000	0.352282733000000	0.279442643000000	0.485085626000000	0.367664903000000	0.722389638000000	0.379696667000000
0.323982269000000	0.633543134000000	0.468169734000000	0.211815841000000	0.332393348000000	0.355004042000000	0.472184579000000	0.790805995000000	0.603554308000000	0.398271918000000
0.311061382000000	0.756063104000000	0.543359190000000	0.386543393000000	0.375486493000000	0.514697264000000	0.609611531000000	0.540585369000000	0.603188634000000	0.305329536000000
0.248735219000000	0.693005383000000	0.508319870000000	0.432406943000000	0.401638567000000	0.625736634000000	0.276280622000000	0.692046374000000	0.447110832000000	0.269164525000000
0.432989836000000	0.508332372000000	0.540546030000000	0.164594056000000	0.247013837000000	0.136350287000000	0.409189721000000	0.337280124000000	0.451470733000000	0.213552885000000
0.271165639000000	0.542296588000000	0.547293678000000	0.437720045000000	0.483887285000000	0.551976164000000	0.325837553000000	0.452969044000000	0.434683442000000	0.291395073000000
0.265227437000000	0.650424182000000	0.449261397000000	0.198178087000000	0.431035578000000	0.347063765000000	0.310929889000000	0.537734017000000	0.535333276000000	0.418168137000000
0.377764136000000	0.627726197000000	0.585119188000000	0.395872435000000	0.429975957000000	0.526658177000000	0.448253691000000	0.734863818000000	0.472813666000000	0.276870278000000
0.389985710000000	0.724201322000000	0.481714174000000	0.435588207000000	0.433611929000000	0.608390391000000	0.656420668000000	0.800247878000000	0.567335784000000	0.383217779000000
0.202610373000000	0.727645695000000	0.499547333000000	0.640196934000000	0.392666906000000	0.574425340000000	0.408089509000000	0.685666442000000	0.563937902000000	0.400736555000000
0.161113679000000	0.820656955000000	0.626909256000000	0.223400909000000	0.383824050000000	0.150264485000000	0.164569870000000	0.659032047000000	0.452604145000000	0.373948500000000
0.501841962000000	0.378655910000000	0.425612897000000	0.445423283000000	0.341726601000000	0.390457849000000	0.540899495000000	0.376688182000000	0.656954646000000	0.397686005000000
0.327657253000000	0.681036294000000	0.510926187000000	0.445700064000000	0.230604202000000	0.416451390000000	0.395084431000000	0.580122143000000	0.654211760000000	0.263580052000000
0.391069889000000	0.709858358000000	0.510035545000000	0.366326544000000	0.342452466000000	0.260689164000000	0.641683201000000	0.555491656000000	0.446711421000000	0.277099952000000
0.224345237000000	0.801203907000000	0.557464272000000	0.598357156000000	0.191328436000000	0.261479283000000	0.350306213000000	0.288739093000000	0.536427319000000	0.280255251000000
0.394356430000000	0.509175181000000	0.510424331000000	0.392120630000000	0.367608428000000	0.263187077000000	0.407653242000000	0.487861231000000	0.609242857000000	0.263861910000000
0.295288444000000	0.676901817000000	0.235900536000000	0.630394481000000	0.416667014000000	0.527476579000000	0.472927550000000	0.408801690000000	0.433260858000000	0.422299246000000
0.348937064000000	0.684053302000000	0.528145298000000	0.573755302000000	0.380042076000000	0.534983307000000	0.418538590000000	0.714865625000000	0.620811582000000	0.367945736000000
0.386599213000000	0.747860789000000	0.510672629000000	0.619283959000000	0.330488861000000	0.490732640000000	0.308504477000000	0.366577655000000	0.516479075000000	0.373623694000000
0.373760432000000	0.571997404000000	0.503498286000000	0.365706980000000	0.520078540000000	0.353962084000000	0.426958114000000	0.146217620000000	0.618602276000000	0.299584890000000
0.491048813000000	0.459060162000000	0.374574527000000	0.542394780000000	0.330169290000000	0.437325507000000	0.443577598000000	0.440773204000000	0.675204754000000	0.273779551000000
0.309921145000000	0.617066681000000	0.487313539000000	0.503455937000000	0.369572639000000	0.355919068000000	0.485657791000000	0.0375660970000000	0.564834118000000	0.363812752000000
0.345206320000000	0.699262261000000	0.558556542000000	0.287751324000000	0.357212991000000	0.621288379000000	0.538138896000000	0.0868764300000000	0.539160073000000	0.305805035000000
0.0820409210000000	0.674009144000000	0.239113219000000	0.536645152000000	0.358620167000000	0.313211327000000	0.313194583000000	0.121907301000000	0.459371835000000	0.266722764000000
0.553120732000000	0.566404223000000	0.530157328000000	0.428904980000000	0.303797811000000	0.355826127000000	0.544995715000000	0.0903669040000000	0.621276259000000	0.247532696000000
0.291953683000000	0.596592367000000	0.431175053000000	0.319049716000000	0.430608153000000	0.460905999000000	0.471229196000000	0.689457387000000	0.664313018000000	0.326166071000000
0.225438923000000	0.525451005000000	0.298444649000000	0.345297446000000	0.0848769550000000	0.564795524000000	0.526135474000000	0.108192423000000	0.623784244000000	0.279462208000000
0.542343378000000	0.553340673000000	0.556166634000000	0.392180447000000	0.296046406000000	0.336683996000000	0.573634962000000	0.203676991000000	0.613805354000000	0.362786775000000
0.303378165000000	0.501021385000000	0.462078080000000	0.399860699000000	0.385667175000000	0.236343568000000	0.308944990000000	0.300830714000000	0.563478291000000	0.209983893000000
0.255841076000000	0.628620625000000	0.592166454000000	0.324500011000000	0.215011522000000	0.380091031000000	0.438479006000000	0.385632157000000	0.593572140000000	0.348222415000000
0.219243735000000	0.518987179000000	0.418432914000000	0.293572724000000	0.464948535000000	0.347828751000000	0.267356470000000	0.0341477110000000	0.464384466000000	0.297335592000000
0.248344898000000	0.532978952000000	0.402755991000000	0.321207058000000	0.377458274000000	0.316523165000000	0.365660429000000	0.369040817000000	0.538860083000000	0.287385640000000
0.399156034000000	0.613901496000000	0.554884419000000	0.322254680000000	0.334483117000000	0.375561506000000	0.390191545000000	0.252032429000000	0.577512383000000	0.302089512000000
0.437240511000000	0.672471583000000	0.513105139000000	0.307848882000000	0.433021724000000	0.285648033000000	0.453290830000000	0.421921343000000	0.500322759000000	0.288601587000000
0.360902995000000	0.705029130000000	0.328903049000000	0.523382373000000	0.337748110000000	0.591875970000000	0.536053459000000	0.423911884000000	0.531787395000000	0.385623574000000
0.316351831000000	0.625643551000000	0.487307891000000	0.270592390000000	0.379399568000000	0.246236821000000	0.484469225000000	0.354241237000000	0.618471146000000	0.295766843000000
0.308038652000000	0.647967041000000	0.568548322000000	0.281587884000000	0.363277882000000	0.658531706000000	0.423993369000000	0.658603787000000	0.582581401000000	0.359943658000000
0.582498312000000	0.646409810000000	0.423058450000000	0.347208065000000	0.346446067000000	0.293225964000000	0.511654437000000	0.352360949000000	0.659943223000000	0.273092041000000
0.327633291000000	0.749972939000000	0.400845468000000	0.272267848000000	0.347840637000000	0.201565618000000	0.299025541000000	0.272124462000000	0.623078823000000	0.421847011000000
0.273405433000000	0.563682437000000	0.533300236000000	0.353223275000000	0.411890924000000	0.426714410000000	0.539969961000000	0.0630180980000000	0.491898745000000	0.439147115000000
0.302370369000000	0.501882076000000	0.567765161000000	0.433698473000000	0.341002047000000	0.201093321000000	0.428569158000000	0.550840035000000	0.488571554000000	0.365952854000000
0.485755622000000	0.671773255000000	0.511783317000000	0.518776931000000	0.505149126000000	0.452257435000000	0.591266056000000	0.457304537000000	0.630317330000000	0.328716032000000
0.288664520000000	0.787979960000000	0.598384276000000	0.243700353000000	0.261161536000000	0.181342289000000	0.269745181000000	0.381053507000000	0.470055223000000	0.241839527000000
0.478261203000000	0.643482625000000	0.507094368000000	0.278113673000000	0.469624847000000	0.356361737000000	0.208744253000000	0.0869212900000000	0.323958516000000	0.357509931000000
0.379249364000000	0.639868021000000	0.310269356000000	0.386255167000000	0.412594855000000	0.270210318000000	0.483509749000000	0.459595948000000	0.607495248000000	0.331041162000000
0.420681149000000	0.693302512000000	0.491980240000000	0.491296850000000	0.424324483000000	0.372442837000000	0.586764753000000	0.405758351000000	0.642146826000000	0.317867743000000
0.435806721000000	0.581586063000000	0.521912500000000	0.406348146000000	0.211554244000000	0.192282401000000	0.484251837000000	0.324657321000000	0.466789037000000	0.378755376000000
0.430893064000000	0.427600294000000	0.450149618000000	0.275648460000000	0.293648601000000	0.247293801000000	0.296568349000000	0.0949612830000000	0.664396524000000	0.235458907000000
0.254250348000000	0.696102977000000	0.501005054000000	0.467528451000000	0.107334994000000	0.390924116000000	0.255469923000000	0.420572817000000	0.280035585000000	0.392758658000000
0.131296307000000	0.590938151000000	0.435647368000000	0.343972363000000	0.401660353000000	0.529756228000000	0.456619591000000	0.473773316000000	0.378935456000000	0.354102120000000
0.270604849000000	0.496226400000000	0.496250644000000	0.485926945000000	0.493071556000000	0.473503699000000	0.522399714000000	0.254059285000000	0.361046106000000	0.375394801000000
0.171108857000000	0.828409314000000	0.521641836000000	0.419780154000000	0.348892897000000	0.498334567000000	0.582707673000000	0.592631042000000	0.570389330000000	0.466983433000000
0.402402014000000	0.767006099000000	0.626457989000000	0.340990495000000	0.523510337000000	0.578108152000000	0.440359602000000	0.348808888000000	0.440926671000000	0.281928741000000
0.455242187000000	0.660228550000000	0.507134885000000	0.277823833000000	0.346483707000000	0.107858932000000	0.525052925000000	0.170349898000000	0.562358618000000	0.301924333000000
0.448948026000000	0.697725713000000	0.316223189000000	0.462590761000000	0.335849553000000	0.191389422000000	0.405783594000000	0.0918990690000000	0.653778255000000	0.244101904000000
0.416849136000000	0.658361971000000	0.619046807000000	0.591132902000000	0.457506627000000	0.507144451000000	0.508607159000000	0.488896713000000	0.659130573000000	0.384862756000000
0.414760619000000	0.732265651000000	0.571055129000000	0.405127756000000	0.452519417000000	0.443312794000000	0.671835522000000	0.574764073000000	0.608086526000000	0.268851409000000
0.353365928000000	0.603676379000000	0.529239237000000	0.342504036000000	0.316299319000000	0.365346084000000	0.439196239000000	0.257242909000000	0.600947142000000	0.283164742000000
0.180175379000000	0.749459982000000	0.484020010000000	0.591411598000000	0.193925411000000	0.613901734000000	0.412558635000000	0.633049250000000	0.643594384000000	0.301105058000000
0.382141441000000	0.704708993000000	0.523257092000000	0.548913181000000	0.157421768000000	0.586129228000000	0.326653341000000	0.716050953000000	0.525516689000000	0.324867452000000
0.488801092000000	0.566430032000000	0.511408240000000	0.388942417000000	0.413721144000000	0.412997335000000	0.550347209000000	0.0634052940000000	0.664730906000000	0.279345882000000
0.374608994000000	0.809069097000000	0.622570783000000	0.502535760000000	0.431733340000000	0.106843223000000	0.310067117000000	0.115014773000000	0.455755353000000	0.286822143000000
0.401348174000000	0.563197911000000	0.488095045000000	0.478009567000000	0.288878679000000	0.333981688000000	0.422069669000000	0.185204592000000	0.552364588000000	0.346132010000000
0.414353490000000	0.615671873000000	0.404586911000000	0.555271558000000	0.458593279000000	0.472630749000000	0.532417367000000	0.293724835000000	0.646599054000000	0.309279439000000
0.333266854000000	0.666919827000000	0.416762292000000	0.443000328000000	0.292822540000000	0.591618995000000	0.486625801000000	0.718171477000000	0.618733525000000	0.315081296000000
0.312354922000000	0.628413856000000	0.601947337000000	0.336926766000000	0.485585272000000	0.485435496000000	0.502943218000000	0.453506008000000	0.666835129000000	0.357133890000000
0.470989883000000	0.639466584000000	0.474953353000000	0.487208925000000	0.397817105000000	0.330423589000000	0.504095296000000	0.0767906680000000	0.519692838000000	0.327671195000000
0.456835836000000	0.657999039000000	0.379578874000000	0.423019741000000	0.453418702000000	0.438741336000000	0.521821161000000	0	0.623380840000000	0.316562410000000
0.487750560000000	0.684898555000000	0.555534184000000	0.355471257000000	0.290860265000000	0.455910375000000	0.456642250000000	0.452526450000000	0.549989581000000	0.245928635000000
0.519500196000000	0.717782676000000	0.565449193000000	0.275299223000000	0.432782739000000	0.462544372000000	0.532502681000000	0.431534842000000	0.616222203000000	0.382781009000000
0.0185493700000000	0.318551779000000	0.526091516000000	0.474656239000000	0.348306566000000	0.243145833000000	0.458417128000000	0.208535317000000	0.506654501000000	0.201523324000000
0.304956645000000	0.634891331000000	0.486525223000000	0.336863447000000	0.431098968000000	0.204438936000000	0.348678673000000	0.676792562000000	0.475470006000000	0.369937564000000
0.405751795000000	0.567491412000000	0.526550129000000	0.577875666000000	0.359345049000000	0.309505659000000	0.396535029000000	0.650206596000000	0.522989452000000	0.241284066000000
0.435180396000000	0.583887577000000	0.554980025000000	0.457504027000000	0.298877478000000	0.464335789000000	0.705097755000000	0.104737308000000	0.635390401000000	0.321541502000000
0.406413913000000	0.0575815140000000	0.442901477000000	0.167359233000000	0.147667095000000	0.251261363000000	0.275440276000000	0.594376534000000	0.233223036000000	0.325893889000000
0.520014226000000	0.680760562000000	0.546277568000000	0.426035732000000	0.484018981000000	0.569221497000000	0.556383848000000	0.773572892000000	0.612305164000000	0.291303550000000
0.139659449000000	0.605700374000000	0.467333108000000	0.203413658000000	0.392440349000000	0.515798459000000	0.473690470000000	0.606969237000000	0.539714813000000	0.425641214000000
0.239862800000000	0.715647042000000	0.333352707000000	0.382756859000000	0.358090252000000	0.555122276000000	0.432045490000000	0.612666756000000	0.475122958000000	0.272386993000000
0.379727513000000	0.630909383000000	0.255799033000000	0.534962505000000	0.424409866000000	0.417856467000000	0.258430439000000	0.593824059000000	0.329482704000000	0.327694287000000
0.421111345000000	0.741307795000000	0.374963120000000	0.485659756000000	0.381001085000000	0.299574588000000	0.357634395000000	0.419527873000000	0.405825287000000	0.300840275000000
0.249125808000000	0.661169112000000	0.553078085000000	0.590094388000000	0.334665865000000	0.380444487000000	0.307952374000000	0.414127856000000	0.513973415000000	0.331294551000000
0.317415327000000	0.698697090000000	0.518615067000000	0.581231728000000	0.386098146000000	0.534344574000000	0.440147986000000	0.331871077000000	0.436724246000000	0.332581300000000
0.530468583000000	0.213422090000000	0.423100144000000	0.430916056000000	0.00267699000000000	0.286651974000000	0.224302739000000	0.581570864000000	0.411743075000000	0.348051076000000
0.465160310000000	0.596533358000000	0.508997574000000	0.568258949000000	0.168880776000000	0.455233693000000	0.514240493000000	0.532983810000000	0.554517210000000	0.229249357000000
0.271271557000000	0.646220803000000	0.491991028000000	0.414327413000000	0.392567784000000	0.373680775000000	0.596740723000000	0.229089782000000	0.618569493000000	0.320060384000000
0.309737116000000	0.705617785000000	0.518164635000000	0.528764792000000	0.486912876000000	0.621421794000000	0.552873135000000	0.432784677000000	0.525538564000000	0.379549171000000
0.292866856000000	0.744790494000000	0.246117819000000	0.489975035000000	0.448646665000000	0.577039421000000	0.427180529000000	0.630901515000000	0.542507112000000	0.387234144000000
0.378281236000000	0.683772504000000	0.591943130000000	0.515108734000000	0.487845898000000	0.525208026000000	0.604642500000000	0.773166269000000	0.542390168000000	0.287609033000000
0.304297328000000	0.618078232000000	0.488476872000000	0.369344145000000	0.443962485000000	0.150343886000000	0.460483770000000	0.0943185280000000	0.573270679000000	0.365483895000000
0.479555607000000	0.735389173000000	0.584369510000000	0.681182325000000	0.351685017000000	0.596116006000000	0.444327662000000	0.513610303000000	0.640526831000000	0.308345420000000
0.322511643000000	0.662775517000000	0.472374782000000	0.390065055000000	0.346189022000000	0.455354820000000	0.397495091000000	0.219180571000000	0.553047419000000	0.330857724000000
0.474229842000000	0.633790791000000	0.451243982000000	0.600878455000000	0.347463250000000	0.467160563000000	0.403450727000000	0.566582173000000	0.513011098000000	0.272253019000000
0.486191422000000	0.0428658170000000	0.420830525000000	0.415240746000000	0.309250325000000	0.0989441300000000	0.310553910000000	0.528000355000000	0.0989673730000000	0.146418800000000
0.398838848000000	0.669867277000000	0.519422114000000	0.577481940000000	0.400500089000000	0.549082309000000	0.609262149000000	0.705140948000000	0.484489858000000	0.395585102000000
0.111277044000000	0.643668890000000	0.266591594000000	0.234513547000000	0.144461080000000	0.315656450000000	0.583503981000000	0.290528201000000	0.640233755000000	0.242469539000000
0.358426183000000	0.671121120000000	0.505475819000000	0.374659687000000	0.503793240000000	0.364909713000000	0.426121682000000	0.690423697000000	0.571944535000000	0.355070924000000
0.412070513000000	0.346044928000000	0.519864410000000	0.343257269000000	0.423301578000000	0.464800199000000	0.546459029000000	0.461403564000000	0.555501997000000	0.325806047000000
0.432528019000000	0.606874585000000	0.553399488000000	0.387107775000000	0.433691770000000	0.353772928000000	0.518217802000000	0.0407764600000000	0.598341584000000	0.315849108000000
0.320815980000000	0.680347741000000	0.451602191000000	0.311868263000000	0.323643804000000	0.531290481000000	0.538263291000000	0.540478230000000	0.638267219000000	0.377441891000000
0.253553957000000	0.695599318000000	0.455024108000000	0.736895993000000	0.415878952000000	0.508257250000000	0.415227741000000	0.0776945110000000	0.538054228000000	0.301308072000000
0.316351831000000	0.556689084000000	0.441801384000000	0.666906312000000	0.262726724000000	0.446196487000000	0.629663905000000	0.149273597000000	0.593601286000000	0.320015122000000
0.512343705000000	0.636823416000000	0.428555667000000	0.372993745000000	0.275986850000000	0.327308089000000	0.477181395000000	0.231171802000000	0.609587908000000	0.356776233000000
0.346634239000000	0.609086215000000	0.471500993000000	0.616128951000000	0.355374545000000	0.570310215000000	0.397005280000000	0.651587963000000	0.625134706000000	0.279202228000000
0.385084152000000	0.671991169000000	0.496758088000000	0.418686762000000	0.458316952000000	0.476245860000000	0.385492414000000	0.728068709000000	0.692659378000000	0.371881280000000
0.445002943000000	0.659983933000000	0.496043235000000	0.483480655000000	0.459389150000000	0.320411298000000	0.601233562000000	0.524832591000000	0.646674752000000	0.293831919000000
0.354567319000000	0.622911274000000	0.537002712000000	0.326396834000000	0.440518618000000	0.109472066000000	0.428308984000000	0.314856082000000	0.516733050000000	0.291949888000000
0.283890128000000	0.537250936000000	0.452529952000000	0.386449520000000	0.391909897000000	0.541029145000000	0.522255619000000	0.549794704000000	0.598699093000000	0.389903049000000
0.308560133000000	0.675872624000000	0.499317035000000	0.407313444000000	0.434203237000000	0.414199233000000	0.368677646000000	0.636330724000000	0.482536048000000	0.386314660000000
0.341894001000000	0.751375675000000	0.528811693000000	0.519743741000000	0.399776846000000	0.531770617000000	0.627120852000000	0.717075765000000	0.472922355000000	0.413607766000000
0.267961442000000	0.636033952000000	0.507144347000000	0.485199623000000	0.308611751000000	0.497746170000000	0.591832032000000	0.258046500000000	0.629588366000000	0.324324464000000
0.346195310000000	0.745782256000000	0.565190732000000	0.636890687000000	0.383202523000000	0.680389424000000	0.555733383000000	0.679251522000000	0.542320013000000	0.337516844000000
0.368072033000000	0.533001482000000	0.555279195000000	0.453372620000000	0.376996577000000	0.181327224000000	0.385676573000000	0.0344081660000000	0.600646019000000	0.313580066000000
0.233270779000000	0.523705900000000	0.456219733000000	0.679022610000000	0.372430831000000	0.580864787000000	0.482692937000000	0.443578079000000	0.597836137000000	0.341115311000000
0.305104554000000	0.600345314000000	0.503948525000000	0.303484045000000	0.366247416000000	0.603906701000000	0.410061151000000	0.624174654000000	0.576619923000000	0.325077444000000
0.384017617000000	0.449652344000000	0.542202577000000	0.490802929000000	0.213922188000000	0.621425201000000	0.463708987000000	0.218341842000000	0.522599459000000	0.234020555000000
0.570618570000000	0.170981824000000	0.126767520000000	0.296294512000000	0.266470939000000	0.354685917000000	0.144621978000000	0.125788068000000	0.0825532150000000	0.266887044000000
0.299585164000000	0.609839141000000	0.510992974000000	0.517729521000000	0.500282884000000	0.670034091000000	0.580797076000000	0.458730742000000	0.607215703000000	0.384212196000000
0.369985342000000	0.675827980000000	0.508149266000000	0.717213064000000	0.353582948000000	0.468520870000000	0.397428771000000	0.465084463000000	0.567673147000000	0.303877462000000
0.308267802000000	0.605361700000000	0.563790053000000	0.397990737000000	0.329121798000000	0.263392369000000	0.389523029000000	0.109516717000000	0.573456943000000	0.379052992000000
0.342340708000000	0.559908748000000	0.544830471000000	0.293696960000000	0.363683850000000	0.482999454000000	0.633060137000000	0.200354710000000	0.580485225000000	0.251229527000000
0.496934503000000	0.543233573000000	0.601811647000000	0.470236011000000	0.330072880000000	0.285381804000000	0.597876996000000	0.377062738000000	0.457661629000000	0.232657713000000
0.151003167000000	0.553291798000000	0.464254662000000	0.525273614000000	0.438810498000000	0.469486147000000	0.472621113000000	0.300581142000000	0.553585291000000	0.250771943000000
0.462646037000000	0.674185753000000	0.363701075000000	0.320262153000000	0.225623816000000	0.479201476000000	0.662011862000000	0.113742091000000	0.679115474000000	0.280427054000000
0.318980187000000	0.464454919000000	0.489403129000000	0.439523540000000	0.386362523000000	0.228270950000000	0.592648963000000	0.0880335790000000	0.738855243000000	0.253846372000000
0.447927892000000	0.520486295000000	0.410628051000000	0.180115368000000	0.359293222000000	0.166569752000000	0.344235236000000	0.0869867670000000	0.531495988000000	0.230097563000000
0.468355209000000	0.558830738000000	0.434817597000000	0.214316621000000	0.406649530000000	0.443101744000000	0.571586380000000	0.501003534000000	0.641482413000000	0.328825836000000
0.335800678000000	0.600045085000000	0.539180338000000	0.404755704000000	0.377471864000000	0.313406706000000	0.440960020000000	0.100426279000000	0.580128610000000	0.280841348000000
0.245706230000000	0.684100151000000	0.595638707000000	0.316092208000000	0.507717311000000	0.380204201000000	0.275764505000000	0.243256211000000	0.497980267000000	0.323621263000000
0.515908539000000	0.623515189000000	0.500269204000000	0.489441201000000	0.423874646000000	0.475393593000000	0.531924615000000	0.384106174000000	0.665359497000000	0.313244164000000
0.438502371000000	0.329729527000000	0.585222960000000	0.408025049000000	0.143611401000000	0.360007522000000	0.320232878000000	0.750267059000000	0.441957235000000	0.236481294000000
0.326042563000000	0.749972939000000	0.485568538000000	0.478365269000000	0.364116490000000	0.612106721000000	0.373643547000000	0.665275753000000	0.384557426000000	0.315119751000000
0.558680713000000	0.709472954000000	0.522769317000000	0.523162931000000	0.496757329000000	0.548746069000000	0.651328961000000	0.0722546650000000	0.652875245000000	0.342256993000000
0.403977841000000	0.618864834000000	0.541703865000000	0.397610858000000	0.472705007000000	0.503134211000000	0.568749100000000	0.581726104000000	0.623380840000000	0.325054924000000
0.281569391000000	0.743177116000000	0.649399608000000	0.455289871000000	0.517602682000000	0.656110565000000	0.638273895000000	0.634587258000000	0.591370165000000	0.452281704000000
0.314662635000000	0.660718679000000	0.449339077000000	0.381012680000000	0.341621250000000	0.392570809000000	0.514435450000000	0.152337953000000	0.486191422000000	0.308719739000000
0.436096191000000	0.635283351000000	0.490586430000000	0.437491789000000	0.452350020000000	0.338692675000000	0.592575709000000	0.149271663000000	0.574230254000000	0.335996566000000
0.537113488000000	0.691723943000000	0.545269817000000	0.446020700000000	0.361892939000000	0.688869119000000	0.592069378000000	0.730176359000000	0.582609117000000	0.327251797000000
0.221056938000000	0.632555723000000	0.498681724000000	0.552540749000000	0.513052881000000	0.470628371000000	0.660087347000000	0.226348780000000	0.485660970000000	0.272801578000000
0.351920187000000	0.748150110000000	0.598512158000000	0.260586148000000	0.129441217000000	0.283209488000000	0.222949465000000	0.314798202000000	0.682514787000000	0.320877684000000
0.589590013000000	0.505758405000000	0.572688386000000	0.474245332000000	0.445251167000000	0.454593773000000	0.616546988000000	0.211111083000000	0.582470596000000	0.395340602000000
0.470522195000000	0.626870036000000	0.458168015000000	0.288392715000000	0.370465159000000	0.443400870000000	0.468158205000000	0.525580421000000	0.648922980000000	0.337093507000000
0.429234684000000	0.733883679000000	0.484101474000000	0.300219461000000	0.470468253000000	0.265165844000000	0.430570334000000	0.447438419000000	0.628035367000000	0.342380941000000
0.355156541000000	0.618831992000000	0.507481873000000	0.259682231000000	0.328797251000000	0.144885484000000	0.317074398000000	0.553779900000000	0.450577050000000	0.352085287000000
0.372430831000000	0.612687111000000	0.543956086000000	0.582494199000000	0.413570762000000	0.361411055000000	0.531900058000000	0.195397668000000	0.656674504000000	0.327893925000000
0.585355639000000	0.225806370000000	0.446002036000000	0.323238285000000	0.321502090000000	0.485754371000000	0.449118661000000	0.0478943810000000	0.534527183000000	0.400409805000000
0.572978258000000	0.675249219000000	0.570085466000000	0.523038656000000	0.480688304000000	0.538770477000000	0.304703206000000	0.347396508000000	0.482386291000000	0.349966561000000
0.421280503000000	0.630526066000000	0.538327068000000	0.514069907000000	0.481713384000000	0.601662576000000	0.418404768000000	0.660295427000000	0.567232132000000	0.277915232000000
0.375135243000000	0.671251357000000	0.557074755000000	0.216483302000000	0.134221539000000	0.129617085000000	0.472896487000000	0.650733501000000	0.533159256000000	0.298230891000000
0.170942768000000	0.395646691000000	0.428347275000000	0.431499518000000	0.344194829000000	0.194574719000000	0.223950985000000	0.0558628640000000	0.646145284000000	0.395124704000000
0.331062347000000	0.696102977000000	0.453773454000000	0.501063734000000	0.336057365000000	0.314545075000000	0.371682753000000	0.638137341000000	0.478630453000000	0.249708394000000
0.469391972000000	0.639941096000000	0.596334711000000	0.301400783000000	0.380959928000000	0.282792158000000	0.491491179000000	0.266097963000000	0.546945512000000	0.264808189000000
0.414052218000000	0.671207964000000	0.572109774000000	0.645870134000000	0.369719028000000	0.199620951000000	0.332592338000000	0.123286296000000	0.522772670000000	0.382594387000000
0.321034223000000	0.731303811000000	0.548879370000000	0.630593866000000	0.303707033000000	0.135127789000000	0.173830094000000	0.556611478000000	0.593397498000000	0.391962409000000
0.298372626000000	0.696912289000000	0.551720917000000	0.207709707000000	0.201860443000000	0.148999264000000	0.199291696000000	0.453789234000000	0.639831483000000	0.323626960000000
0.243245929000000	0.733688533000000	0.424362965000000	0.503983311000000	0.456853032000000	0.521394720000000	0.347993354000000	0.672758490000000	0.549941301000000	0.250198086000000
0.664354742000000	0.559005857000000	0.559714764000000	0.453324459000000	0.387310296000000	0.251566758000000	0.478739421000000	0.259745218000000	0.545047164000000	0.386674523000000
0.400398731000000	0.611796916000000	0.462705016000000	0.355711870000000	0.331243604000000	0.361083237000000	0.464466458000000	0.520925641000000	0.655399203000000	0.367831613000000
0.425443977000000	0.545544088000000	0.576068759000000	0.241523889000000	0.313640654000000	0.527013014000000	0.275843263000000	0.459608555000000	0.447677553000000	0.403706471000000
0.236425743000000	0.713203073000000	0.607262641000000	0.480741866000000	0.206712693000000	0.492590442000000	0.434044162000000	0.677318484000000	0.437903166000000	0.275266722000000
0.358523160000000	0.599057198000000	0.549193010000000	0.427120693000000	0.343173385000000	0.431789398000000	0.499333958000000	0.369474575000000	0.539344847000000	0.341564044000000
0.380063772000000	0.178977415000000	0.466910467000000	0.349803790000000	0.670904338000000	0.214250935000000	0.472304702000000	0.374538980000000	0.529087901000000	0.361957549000000
0.285490811000000	0.240761608000000	0.158347094000000	0.324595325000000	0.0357002760000000	0.306937349000000	0.401741723000000	0.207987390000000	0.616969109000000	0.419376262000000
0.380493879000000	0.617522895000000	0.580197379000000	0.472063009000000	0.422930390000000	0.480998417000000	0.475464493000000	0.641569316000000	0.650888503000000	0.323125536000000
0.318411022000000	0.643445373000000	0.518100873000000	0.386991248000000	0.433580011000000	0.335196724000000	0.585648994000000	0.0907404680000000	0.633084059000000	0.389288738000000
0.440779716000000	0.748512626000000	0.456147969000000	0.644861117000000	0.432432562000000	0.505634596000000	0.526509772000000	0.667767584000000	0.556664288000000	0.375086243000000
0.314029425000000	0.670514703000000	0.483659834000000	0.433683269000000	0.471314073000000	0.356044193000000	0.302317321000000	0.314724743000000	0.444160402000000	0.381048953000000
0.292623162000000	0.516711891000000	0.490442067000000	0.262181740000000	0.479222238000000	0.270732065000000	0.430170794000000	0.247998059000000	0.480204970000000	0.340254237000000
0.394683897000000	0.622710347000000	0.538768187000000	0.444220576000000	0.484753877000000	0.455406417000000	0.593893260000000	0.394036233000000	0.633826196000000	0.302162943000000
0.487312376000000	0.609807730000000	0.583355159000000	0.393782539000000	0.408007920000000	0.267639930000000	0.324656099000000	0.0379579970000000	0.471819133000000	0.375366896000000
0.451436967000000	0.575811625000000	0.591342017000000	0.422611944000000	0.509401739000000	0.322138933000000	0.480557412000000	0.124575831000000	0.571918070000000	0.245623427000000
0.493781477000000	0.619720399000000	0.613461971000000	0.435415734000000	0.496560574000000	0.532168527000000	0.385754963000000	0.683725804000000	0.469356149000000	0.326392695000000
0.448629916000000	0.578980267000000	0.476717308000000	0.439728081000000	0.391479075000000	0.230126961000000	0.533637812000000	0.366277933000000	0.568661928000000	0.312137102000000
0.465778917000000	0.611163378000000	0.511939004000000	0.496565867000000	0.401602238000000	0.369048953000000	0.428785582000000	0.496829256000000	0.645278573000000	0.387720803000000
0.302494824000000	0.600555778000000	0.549077824000000	0.416977219000000	0.347607881000000	0.237858994000000	0.482555608000000	0.0878372830000000	0.592990518000000	0.282206861000000
0.440763384000000	0.659861803000000	0.469301835000000	0.522863969000000	0.417806894000000	0.440150718000000	0.604084154000000	0.329108864000000	0.648043334000000	0.389874051000000
0.365970522000000	0.762787461000000	0.563461870000000	0.391778886000000	0.397802740000000	0.575166404000000	0.677789430000000	0.698017895000000	0.515402377000000	0.316852093000000
0.433117360000000	0.570231795000000	0.510124058000000	0.373606965000000	0.405502021000000	0.359630068000000	0.621110121000000	0.310541332000000	0.617034137000000	0.379800056000000
0.258975118000000	0.591197252000000	0.523363173000000	0.295492947000000	0.456458122000000	0.499528617000000	0.374365151000000	0.772577196000000	0.558305979000000	0.312374835000000
0.237244532000000	0.629103899000000	0.547791585000000	0.294384884000000	0.366471708000000	0.305306231000000	0.497082204000000	0.0780696030000000	0.599415898000000	0.264842195000000
0.341231048000000	0.783327758000000	0.616225630000000	0.342774235000000	0.464472532000000	0.323876152000000	0.425155461000000	0.126539502000000	0.557235122000000	0.376240919000000
0.268935859000000	0.825552285000000	0.579728231000000	0.411980469000000	0.364970058000000	0.542308688000000	0.653064171000000	0.131480306000000	0.720304370000000	0.294399434000000
0.619885385000000	0.558780670000000	0.472284347000000	0.349027995000000	0.448705256000000	0.279607250000000	0.251326450000000	0.111247815000000	0.583664715000000	0.266525688000000
0.462926298000000	0.667343915000000	0.509906232000000	0.349251695000000	0.381426603000000	0.408864091000000	0.500098974000000	0.481102958000000	0.556738675000000	0.274920322000000
0.399589032000000	0.752269566000000	0.452394903000000	0.632166401000000	0.472035825000000	0.589451392000000	0.489703556000000	0.618733376000000	0.599087059000000	0.295705572000000
0.230908602000000	0.602034628000000	0.424468592000000	0.598943949000000	0.267130762000000	0.255601056000000	0.407713115000000	0.266808197000000	0.516373336000000	0.261712049000000
0.525254130000000	0.599296272000000	0.553698614000000	0.363983909000000	0.376013994000000	0.490282049000000	0.411095232000000	0.0545259790000000	0.604165256000000	0.367836356000000
0.486343145000000	0.637941420000000	0.460969523000000	0.329195622000000	0.351342082000000	0.432356824000000	0.602276444000000	0.209453583000000	0.536610067000000	0.316169399000000
0.269621700000000	0.667769074000000	0.304860845000000	0.534716330000000	0.486210376000000	0.556695849000000	0.533361892000000	0.0816005020000000	0.590708077000000	0.348634079000000
0.463312119000000	0.585201383000000	0.460725963000000	0.295370143000000	0.325237513000000	0.324856977000000	0.457765857000000	0.315228738000000	0.673480451000000	0.355425701000000
0.489222378000000	0.538146198000000	0.564377964000000	0.454891030000000	0.388218552000000	0.318892855000000	0.515165081000000	0.147256214000000	0.542881787000000	0.302347168000000
0.458040833000000	0.659577072000000	0.561049730000000	0.398328297000000	0.550810933000000	0.422586739000000	0.510741154000000	0.348901302000000	0.439183861000000	0.339963113000000
0.266327679000000	0.592555344000000	0.575984567000000	0.308408361000000	0.456921756000000	0.481514732000000	0.561329852000000	0.187205181000000	0.581420600000000	0.342944811000000
0.440714419000000	0.735323370000000	0.531938687000000	0.347631630000000	0.311038315000000	0.294197341000000	0.515297999000000	0.335272267000000	0.617718756000000	0.366832907000000
0.434539288000000	0.744156837000000	0.488531634000000	0.321710650000000	0.490836740000000	0.582214048000000	0.452937136000000	0.744678468000000	0.591745257000000	0.337337347000000
0.443665832000000	0.515423417000000	0.419633031000000	0.328841621000000	0.498455107000000	0.569399377000000	0.619308462000000	0.0765682720000000	0.642405808000000	0.353051104000000
0.589075863000000	0.643967330000000	0.447526783000000	0.338309664000000	0.522946060000000	0.430343539000000	0.624358038000000	0.0259596220000000	0.599206567000000	0.335769142000000
0.184452519000000	0.750266969000000	0.554963186000000	0.359408448000000	0.136198476000000	0.195217935000000	0.258358431000000	0.377576798000000	0.560991704000000	0.303516880000000
0.345193833000000	0.493295044000000	0.462783277000000	0.371000946000000	0.295143694000000	0.556162566000000	0.711350401000000	0.171698991000000	0.587116063000000	0.254834504000000
0.124140196000000	0.644490719000000	0.563696951000000	0.219241096000000	0.354772151000000	0.594075302000000	0.443580627000000	0.784262061000000	0.443698794000000	0.450810184000000
0.285698086000000	0.615865946000000	0.495179445000000	0.491941772000000	0.411472261000000	0.591128399000000	0.534726441000000	0.163603608000000	0.682514787000000	0.301541088000000
0.150318950000000	0.637760639000000	0.516008526000000	0.586235084000000	0.376393169000000	0.527065059000000	0.386902173000000	0.609966934000000	0.653542280000000	0.317693510000000
0.185385033000000	0.483887285000000	0.512273431000000	0.591551952000000	0.376582921000000	0.433681309000000	0.356915861000000	0.563311696000000	0.589990735000000	0.361713668000000
0.334738970000000	0.742689967000000	0.622432709000000	0.485045224000000	0.186506540000000	0.188268613000000	0.351256698000000	0.327759236000000	0.527009666000000	0.422362859000000
0.437256664000000	0.354881048000000	0.588049710000000	0.545383446000000	0	0.226611113000000	0.220629844000000	0.536399275000000	0.604931414000000	0.359149108000000
0.492324650000000	0.657315493000000	0.512660161000000	0.459583484000000	0.447127491000000	0.421744615000000	0.509867469000000	0.527963325000000	0.575328052000000	0.255389445000000
0.321087301000000	0.665107787000000	0.481577829000000	0.440309644000000	0.505128801000000	0.468332201000000	0.262505447000000	0.480113477000000	0.397414953000000	0.330581687000000
0.444176912000000	0.688901544000000	0.630536854000000	0.552287713000000	0.288670003000000	0.173322462000000	0.197404951000000	0.0513059390000000	0.366016626000000	0.254818993000000
0.347387820000000	0.598222554000000	0.491425380000000	0.428795159000000	0.344032705000000	0.249854645000000	0.531176517000000	0.112744283000000	0.608429670000000	0.267538123000000
0.454815179000000	0.631573260000000	0.500321656000000	0.311184708000000	0.444259405000000	0.229466948000000	0.431377629000000	0.0868974070000000	0.482985735000000	0.300900588000000
0.481489420000000	0.651392877000000	0.467988253000000	0.414795965000000	0.335135311000000	0.363519475000000	0.451701373000000	0.290892392000000	0.528621972000000	0.273332387000000
0.131636798000000	0.643445373000000	0.407449305000000	0.219754416000000	0.0699232520000000	0.244355366000000	0.257017883000000	0.289878383000000	0.517475247000000	0.335134526000000
0.550665796000000	0	0.204214752000000	0.459025517000000	0.368100941000000	0.177666341000000	0.399702390000000	0.0946470910000000	0.495745510000000	0.297191580000000
0.268738836000000	0.268738836000000	0.0840754430000000	0.509048946000000	0.316803515000000	0.173548706000000	0.117604760000000	0.0840754430000000	0.216839924000000	0.128330270000000
0.304655284000000	0.361593068000000	0.573519081000000	0.382487196000000	0.147820041000000	0.400218301000000	0.355374346000000	0.501949877000000	0.630769908000000	0.276374695000000
0.379802704000000	0.584613442000000	0.454878643000000	0.198325109000000	0.451605827000000	0.289947117000000	0.283580517000000	0.545293957000000	0.561497033000000	0.310889453000000
0.0886045470000000	0.550399899000000	0.396427043000000	0.379098458000000	0.346195430000000	0.399617955000000	0.454287837000000	0.727205575000000	0.575663805000000	0.178545181000000
0.386836082000000	0.614254355000000	0.562616467000000	0.372447275000000	0.439167619000000	0.272973487000000	0.362447386000000	0.172394965000000	0.569393218000000	0.322779477000000
0.266999483000000	0.699519813000000	0.588401675000000	0.379539128000000	0.424184829000000	0.225879416000000	0.267288725000000	0.272120990000000	0.498158246000000	0.318400244000000
0.166029423000000	0.666243374000000	0.610298812000000	0.333718210000000	0.484716147000000	0.290098593000000	0.406559964000000	0.477151349000000	0.497308969000000	0.330237510000000
0.494249254000000	0.698389709000000	0.502727106000000	0.283690395000000	0.395696670000000	0.324102422000000	0.591058065000000	0.126636650000000	0.547231555000000	0.356193687000000
0.354324192000000	0.645015597000000	0.490058839000000	0.370613205000000	0.406384379000000	0.473457004000000	0.318356310000000	0.629533559000000	0.549676239000000	0.283197411000000
0.304683715000000	0.619127691000000	0.542202175000000	0.214492038000000	0.263034075000000	0.190947232000000	0.509850045000000	0.335374579000000	0.480260700000000	0.221125050000000
0.498019814000000	0.562968731000000	0.508723155000000	0.615930229000000	0.459060162000000	0.368939698000000	0.516131212000000	0.145013366000000	0.490567029000000	0.299532031000000
0.468462318000000	0.572978258000000	0.590622693000000	0.307825792000000	0.467250913000000	0.382885218000000	0.603812615000000	0.370175913000000	0.682839930000000	0.384830525000000
0.176369697000000	0.635819197000000	0.459594131000000	0.312201727000000	0.282847643000000	0.513203472000000	0.473553220000000	0.591335297000000	0.536518693000000	0.322247831000000
0.417609036000000	0.477634549000000	0.468320638000000	0.350818705000000	0.170072511000000	0.390391300000000	0.535249949000000	0.353565827000000	0.637977600000000	0.277650612000000
0.321175843000000	0.744578958000000	0.533560053000000	0.560370952000000	0.434907794000000	0.452091177000000	0.267900954000000	0.497639343000000	0.563197911000000	0.350357041000000
0.316112638000000	0.632063866000000	0.477022603000000	0.352016751000000	0.399776846000000	0.267759200000000	0.461374789000000	0.108964326000000	0.637724519000000	0.340826735000000
0.153225780000000	0.552876532000000	0.415723875000000	0.635018960000000	0.371720940000000	0.363111575000000	0.421699127000000	0.559731692000000	0.617196977000000	0.313881340000000
0.421911746000000	0.408985704000000	0.532097906000000	0.390665974000000	0.300767064000000	0.480948120000000	0.485098640000000	0.197616272000000	0.573829949000000	0.308852986000000
0.175999209000000	0.639503062000000	0.404449627000000	0.528939009000000	0.373639345000000	0.299891889000000	0.506771902000000	0.166364558000000	0.468640864000000	0.293479577000000
0.282554865000000	0.586072206000000	0.528742358000000	0.488445021000000	0.418858945000000	0.433714082000000	0.699256321000000	0.276791051000000	0.465072066000000	0.338176243000000
0.172906563000000	0.711800396000000	0.499811396000000	0.490372770000000	0.620546520000000	0.450590859000000	0.369861811000000	0.0204283860000000	0.576538980000000	0.338123642000000
0.464560628000000	0.638775110000000	0.510926336000000	0.398262255000000	0.339667767000000	0.301466795000000	0.505224129000000	0.294939637000000	0.613229513000000	0.283882218000000
0.455481559000000	0.638448477000000	0.546488792000000	0.590837993000000	0.440241456000000	0.590276897000000	0.458506693000000	0.756909490000000	0.563197911000000	0.354435145000000
0.434267223000000	0.713937759000000	0.556078792000000	0.501487106000000	0.442498386000000	0.452372879000000	0.582449814000000	0.668647945000000	0.586833477000000	0.320698082000000
0.333412617000000	0.610594809000000	0.470217004000000	0.595474407000000	0.346584052000000	0.332695454000000	0.314417412000000	0.639072299000000	0.569471717000000	0.382755051000000
0.401427984000000	0.653699577000000	0.480146810000000	0.488545835000000	0.418309629000000	0.259077014000000	0.449984928000000	0.504217923000000	0.525648057000000	0.422731678000000
0.364024669000000	0.826444566000000	0.541393384000000	0.515095375000000	0.474831045000000	0.591954052000000	0.475401253000000	0.404597372000000	0.585566163000000	0.378133593000000
0.584473670000000	0.670125961000000	0.599114209000000	0.301079100000000	0.525648057000000	0.369432330000000	0.513546993000000	0.424904734000000	0.500641882000000	0.319844596000000
0.462838680000000	0.604563355000000	0.557689175000000	0.358028704000000	0.376474470000000	0.441616933000000	0.507164975000000	0.307029739000000	0.536564410000000	0.249838764000000
0.400080413000000	0.690891564000000	0.546024069000000	0.380742282000000	0.388722569000000	0.414967318000000	0.489152163000000	0.671134114000000	0.618503928000000	0.344932283000000
0.334227413000000	0.598728895000000	0.557554662000000	0.529801734000000	0.374568552000000	0.286181336000000	0.280129770000000	0.525259867000000	0.544692814000000	0.243271555000000
0.481358856000000	0.518987179000000	0.492044196000000	0.512671493000000	0.134089679000000	0.472656856000000	0.473500282000000	0.557645649000000	0.509010494000000	0.266283279000000
0.278023124000000	0.742204607000000	0.562457919000000	0.218267797000000	0.392199785000000	0.460168719000000	0.153608312000000	0.497498542000000	0.587739050000000	0.331957271000000
0.540340364000000	0.657958746000000	0.478769034000000	0.523158371000000	0.267914116000000	0.299728433000000	0.604168117000000	0.469845474000000	0.436047912000000	0.259080823000000
0.582027912000000	0.0763495270000000	0.468431465000000	0.512544043000000	0	0.328353276000000	0.538963715000000	0.175281227000000	0.510837674000000	0.266043702000000
0.359429300000000	0.765666723000000	0.155879907000000	0.655405611000000	0.349391639000000	0.628314515000000	0.270220473000000	0.491665363000000	0.445897490000000	0.295491765000000
0.543421388000000	0.588506043000000	0.574642420000000	0.310892862000000	0.408466846000000	0.460449979000000	0.498742561000000	0.578937501000000	0.540340364000000	0.306207816000000
0.232640579000000	0.578408301000000	0.582983851000000	0.234358057000000	0.110655867000000	0.163762214000000	0.420558353000000	0.120486129000000	0.689723730000000	0.308158755000000
0.247818157000000	0.703858495000000	0.462667480000000	0.295486577000000	0.463127941000000	0.346418093000000	0.405681153000000	0.619292945000000	0.468489110000000	0.327113946000000
0.425786793000000	0.503853798000000	0.491257772000000	0.443598799000000	0.313750863000000	0.444091598000000	0.512810071000000	0.596560180000000	0.542436957000000	0.384023478000000
0.237393543000000	0.580759943000000	0.355754167000000	0.605350234000000	0.240212172000000	0.344175880000000	0.412206491000000	0.104940884000000	0.563503802000000	0.369803175000000
0.341993243000000	0.689772189000000	0.496271938000000	0.374815755000000	0.372652113000000	0.261458865000000	0.398135682000000	0.0753311350000000	0.621276259000000	0.238004255000000
0.583999097000000	0.711409986000000	0.496893242000000	0.270426188000000	0.345456481000000	0.375591924000000	0.461067925000000	0.108109150000000	0.617034137000000	0.301838388000000
0.397687793000000	0.590478301000000	0.453291818000000	0.189084030000000	0.398853272000000	0.497859577000000	0.398535912000000	0.788684428000000	0.659943223000000	0.367468608000000
0.443427056000000	0.485528499000000	0.475956395000000	0.434594013000000	0.273140252000000	0.245056162000000	0.465911220000000	0.576925218000000	0.652738214000000	0.364746739000000
0.152448177000000	0.711020589000000	0.473263115000000	0.445870057000000	0.437224358000000	0.181697031000000	0.260989681000000	0.123781085000000	0.559833407000000	0.257816551000000
0.273176759000000	0.309461266000000	0.503625259000000	0.301883463000000	0.149630845000000	0.306876699000000	0.336848269000000	0.290189520000000	0.556342244000000	0.361501753000000
0.606657803000000	0.433005780000000	0.402917169000000	0.314658638000000	0.515297055000000	0.298399081000000	0.482197454000000	0.372964472000000	0.708104372000000	0.395730247000000
0.506623864000000	0.730221689000000	0.399758309000000	0.453554489000000	0.258840740000000	0.499776751000000	0.592599501000000	0.564365029000000	0.557297230000000	0.441006621000000